65  64  63  62  61  60  59  58  57
66  37  36  35  34  33  32  31  56
67  38  17  16  15  14  13  30  55
68  39  18   5   4   3  12  29  54
69  40  19   6   1   2  11  28  53
70  41  20   7   8   9  10  27  52
71  42  21  22  23  24  25  26  51
72  43  44  45  46  47  48  49  50
73  74  75  76  77  78  79 --> ...

R: 1 2 11 28 53 => 1  9 17 25
U: 1 4 15 34 61 => 3 11 19 27
L: 1 6 19 40 69 => 5 13 21 29
D: 1 8 23 46 77 => 7 15 23 31

1, 2-9, 10-25, 26-49, 50-81
0, 8, 16, 24  Ring * 8 starting at 0

72 => Ring 4
R: 53 - 72 = 19
U: 61 - 72 = 11
L: 69 - 72 = 3
D: 77 - 72 = 5