#ip 4
addi 4 16 4
seti 1 7 2
seti 1 1 5
mulr 2 5 3  [0, 10551311, 1, 0,  2, 2]  [0, 10551311, 1, 2,  3, 2]  r3 = 1 * 2 = 2
eqrr 3 1 3  [0, 10551311, 1, 2,  3, 2]  [0, 10551311, 1, 0,  4, 2]  r3 = r3 == r1 => 2 == 10551311 = 0
addr 3 4 4  [0, 10551311, 1, 0,  4, 2]  [0, 10551311, 1, 0,  5, 2]  r4 = r3 + r4 = 0 + 4 = 4  (ip = 5)
addi 4 1 4  [0, 10551311, 1, 0,  5, 2]  [0, 10551311, 1, 0,  7, 2]  r4 = r4 + 1  (ip += 2)
addr 2 0 0
addi 5 1 5  [0, 10551311, 1, 0,  7, 2]  [0, 10551311, 1, 0,  8, 3]  r5 = r5 + 1  => r5 += 1
gtrr 5 1 3  [0, 10551311, 1, 0,  8, 3]  [0, 10551311, 1, 0,  9, 3]  r3 = r5 > r1 => 0
addr 4 3 4  [0, 10551311, 1, 0,  9, 3]  [0, 10551311, 1, 0, 10, 3]  r4 = r4 + r3 => (ip + 1)
seti 2 7 4  [0, 10551311, 1, 0, 10, 3]  [0, 10551311, 1, 0,  2, 3]  r4 = 2 (ip = 2)
addi 2 1 2
gtrr 2 1 3
addr 3 4 4
seti 1 3 4
mulr 4 4 4
addi 1 2 1
mulr 1 1 1
mulr 4 1 1
muli 1 11 1
addi 3 3 3
mulr 3 4 3
addi 3 9 3
addr 1 3 1
addr 4 0 4
seti 0 1 4
setr 4 9 3
mulr 3 4 3
addr 4 3 3
mulr 4 3 3
muli 3 14 3
mulr 3 4 3
addr 1 3 1
seti 0 6 0
seti 0 7 4